0000000000000000000000000000000000000000000000000000000000000001
0000000000000000000000000000000000000000000000000000000000000002
0000000000000000000000000000000000000000100000000000000000000002
0000000000000000000000000000000000000000000003000000000000000002
0000000000000000000000000000000000000000000020000000000000000002
0000000000000000000000000000000000000000000020000000000000000001
0000000000000000000000000000000000000000000000000000000000000002
0000000000000000000000000000000000000000000000000000000000000002
0000000000000000000000000000000000000000011100000000000000000002
0000000000000000000000000000000000000000000000000000000000000002
0000000000000000000000000000000000000000000000000000000000000001
0000000000000000000000000000000000000000001110000000000000000002
0000000000000000000000000000000000000000000000000000000000001223
0000000000000000000000000000000000000000000000000000000000000520
0000000000000000000000000000000000000000000000000000000000000111
